camera_matrix:
- - 2269.576237908522
  - 0.0
  - 1040.1398204788616
- - 0.0
  - 2392.099560929053
  - 324.31008712722587
- - 0.0
  - 0.0
  - 1.0
dist_coeff:
- - 0.6442666228746642
  - -1.5061220167676077
  - -0.12823352499256438
  - -0.038290580135284996
  - 2.641736129703463
